0: 807,2484
1: 2,948
2: 1,949
3: 4,12,13
4: 839,3,13
5: 799,951
6: 14,953
7: 2153,15
8: 923,16,955
9: 10,958,2156
10: 9,959
11: 
12: 950,963,3,13,19
13: 19,840,3,4,12
14: 952,965,2157,6,953
15: 954,966,7,2153
16: 955,967,8,2154
17: 957,968,956
18: 947,961,962,25
19: 13,840,841,12,963,972
20: 843,844,1734,964,1735,973
21: 959,969,958,2161,975
22: 23,977,960,970
23: 22,26,1737,24
24: 25,27,961,23
25: 24,978,18,962
26: 23,977,27,987
27: 24,978,26,988
28: 971,980,1741,979,34
29: 974,984,30,996
30: 985,2162,29,38
31: 976,32
32: 33,999,976,1744,31
33: 32,1000,1744,977
34: 1001,1751,28,980,1748
35: 990,1002,981,989
36: 1003,1004,1749,982,41,991
37: 993,1008,983,994
38: 46,30,996
39: 47,998,986,997
40: 990,1002,1003,1014
41: 991,1005,36,1004,1015
42: 992,1006,1007,49,2172
43: 44,995,2166,1019,1020
44: 43,995,2167,1011,1020,1021
45: 996,1011,46,52
46: 38,1012,45,53
47: 39,2171,1023
48: 1024,1753,1001,1751,1013
49: 54,1027,42,1006,2172
50: 1017,1029,1009,1016
51: 56,1019,1010,1018
52: 57,45,1011,53
53: 58,46,52
54: 49,1027,55,1041,1042
55: 1028,2172,54,1042
56: 51,2178,1018,63
57: 52,1030,58,65
58: 53,1031,57,66
59: 1022,1032,1033,67
60: 72,1037,1025,1758,61
61: 73,1038,1758,60
62: 1040,1050,1026,1039
63: 64,75,56,74,1043
64: 63,1054,2178,1044
65: 76,1055,57,66
66: 77,1056,58,65
67: 78,1058,2183,59,2184
68: 79,1059,2184,2181,69
69: 1045,1060,1034,68
70: 81,1046,1035
71: 1036,1049,1048,1773,1065
72: 60,1768,73,85
73: 61,1769,72,85,1066
74: 1043,1053,63,75,90
75: 63,1054,74,91
76: 65,1055,77,93,94
77: 66,1056,76,1072
78: 67,1058,2183,1057,95
79: 68,1059,2184,1058,1073
80: 81,1046,1061,97
81: 70,80,97,1075
82: 1063,1077,1047,100,1064
83: 1065,1079,1049,84,101
84: 85,101,1768,83
85: 84,102,72,73,1066
86: 857,1066,1769,860,1067
87: 88,105,2185,2191
88: 87,1081,1051,1069
89: 1082,2192,1052,1070,2199
90: 107,108,2193,74,91
91: 92,109,75,90,108
92: 91,1084,1054,1071,2200
93: 94,110,2188,76,1055
94: 93,110,111,76,1072
95: 1086,2195,78,2194,2201
96: 113,1074,1061,97
97: 114,1075,80,81,96
98: 1062,1076,99,1087
99: 851,1772,98,1088
100: 1064,1078,82,1077,1089
101: 84,102,83,1079,115
102: 85,101,2412,115,1091
103: 104,1068,2190,1093,117
104: 103,2191,105,1094
105: 87,1081,104,118
106: 1082,2192,2198,1096
107: 90,108,2193,1083,121
108: 90,107,91,109,122
109: 91,1084,108,122,1097
110: 93,94,111,1085,123
111: 94,110,112,1072,124
112: 863,1072,111,125,864
113: 96,114,1100,1101
114: 97,113,1102
115: 1091,1107,1792,101,102,1785
116: 129,1093,1080,1092,1795
117: 1094,1108,103,130,1093
118: 119,1109,105,1094
119: 118,1110,1081,120,1111
120: 1095,1111,2197,119
121: 122,131,107,1112
122: 121,1113,108,109,1097
123: 124,132,1085,110
124: 123,132,133,111,125
125: 864,865,1115,112,124,133
126: 1105,1783,1791,143,1797
127: 1784,1791,128,1122,1123
128: 1090,1106,127,1123,1124
129: 116,130,1795,1126,1127
130: 129,1093,117,1108,1128
131: 121,1113,1112,2208,1132
132: 123,124,133,1114,1133
133: 124,132,125,1115,145,1133
134: 868,2203,1116,146,2211
135: 1098,1116,136,1134
136: 1117,2204,135,1135
137: 138,1099,2205,1117,147
138: 137,2205,139,1100,1136,1137
139: 1100,1101,138,1137,2213
140: 150,1120,1103,1788,1119
141: 142,151,1140,1104,1121
142: 141,151,1104,1790,152,1797
143: 153,1797,126,154,1122
144: 155,1798,1792,1125
145: 1133,1147,133,1115
146: 1148,2210,2216,134,868,2211
147: 1136,1149,1117,137,2212
148: 1138,1150,1118
149: 1119,1139,150,163
150: 140,2415,149,1152
151: 141,142,1140,152,1153
152: 153,1797,142,151,164
153: 143,152,154,164,165
154: 1122,1801,143,153,166
155: 144,1141,1803,168,1155
156: 1126,1142,1805,169,170
157: 1129,1143,158,1158
158: 1144,2207,157,171
159: 1130,1146,1145,1160
160: 161,1131,2208,1146,2222,173
161: 160,2208,1132,1161
162: 163,1165,1139,1151
163: 162,1166,149,1152
164: 165,177,1167,152,153,1153
165: 164,177,153,166,178
166: 167,178,154,1801,165
167: 166,1168,1801,1154,1808
168: 179,1169,1806,155,1141,1155
169: 170,181,156,1142,1156
170: 169,181,1171,156,1805,1157
171: 182,1172,158,1158
172: 183,1159,1145,1160
173: 1161,1173,160,184,2222
174: 185,1174,1147,2215,1162
175: 1163,1175,2217,176
176: 1164,1176,2218,175
177: 164,165,1167,178,186,1811
178: 166,1168,165,177,187
179: 168,1169,180,1155,189
180: 1155,1170,1807,179,190
181: 169,170,1171,1810,191
182: 171,1172,1158,1179,192
183: 172,2225,2226,1181
184: 2222,2226,173,1173,193
185: 174,1174,2227,194,195
186: 197,1811,177,187,198
187: 198,1812,178,1168,186
188: 199,200,1177,1808,1812
189: 1188,1813,179,190
190: 1189,2427,180,189
191: 201,202,1814,181,1178
192: 1192,2428,182,203,1179
193: 206,2229,184
194: 207,208,1182,2227,185,195
195: 196,209,185,194,208
196: 195,210,1174,1183
197: 186,1185,198,212,1819
198: 187,1186,1812,186,197,212,1200
199: 188,200,1186,213,1201
200: 188,199,1177,1187,1813,213
201: 191,202,1178,1817,215
202: 191,201,1814,1190,215,216
203: 1179,1191,192,1192,217
204: 1180,1193,1194,218,219
205: 206,2229,2231,931,220
206: 193,205,1195,220,1204
207: 194,208,1182,1196,221
208: 194,207,195,209,222
209: 195,210,208,1205,1206
210: 196,209,1206,2236
211: 1184,1197,1198,1207
212: 224,1819,197,198,1200,1827
213: 1201,1210,199,200,214,225
214: 225,226,1820,1187,213
215: 216,1212,201,202,1202
216: 215,227,202,1190,1822
217: 1214,1215,203,1191,2234
218: 219,228,1216,204,1193,1203
219: 218,1216,204,1194
220: 1204,1217,205,206,931
221: 222,230,207,229,2235
222: 221,230,1219,208,1205
223: 1199,1823,1208,1818,235,1222
224: 212,1209,1827,237,238
225: 214,226,213,1210,239,1226
226: 214,225,1820,1211,240,1226
227: 216,1212,1213,1227,1839
228: 218,1216,1203,1229,242
229: 1218,2235,221,230,243
230: 221,222,1219,229,244
231: 2236,1206,1230,245
232: 233,2237,1220,246
233: 232,1207,1221,247
234: 928,235,1232
235: 1222,1232,223,1823,234
236: 251,252,1224,929,1832
237: 253,1237,1834,224,1209,238
238: 254,1225,224,1827,237
239: 1239,1835,1210,225,1226,1845
240: 1226,1240,226,1211,256,1836
241: 258,1214,1215,1228
242: 260,261,2241,228,1216,1229
243: 263,264,2243,229,244
244: 1247,230,243
245: 869,1249,231,1230
246: 247,266,232,265,2244
247: 246,1251,233
248: 268,267,1231
249: 1223,1842,250,271,272
250: 1234,1830,249,273
251: 236,252,1235,1832,1256
252: 236,251,1224,1236,275
253: 237,1237,254,278,279
254: 238,255,253,1257
255: 254,1225,1238,1258
256: 1241,1836,240,1240,281
257: 1839,1847,1242,1853,283
258: 241,1243,2245,1261,2248
259: 1229,2240,260,285
260: 242,261,259,285,286
261: 242,260,2241,1244,287
262: 1245,2242,1263,1264
263: 243,264,2243,1246,289
264: 243,263,1247,290
265: 1250,2244,246,266,293,294
266: 246,1251,265,294,295
267: 1231,1252,248,268,296,2251
268: 248,267,296
269: 298,1253,1232,297
270: 301,302,1850,1233,271,303
271: 272,303,249,1842,270
272: 271,303,304,249,273
273: 274,1269,250,272
274: 273,305,1234,1255
275: 306,1256,252,276
276: 277,307,1236,275
277: 276,308,1844,1237,278
278: 279,1270,253,1237,277,308
279: 278,1271,253,1257
280: 1272,1852,1239,1845,1851
281: 282,309,1273,1240,256,1852
282: 281,309,1241,1259,1857
283: 284,310,1274,257,1847,1853
284: 283,310,1847,311,1260
285: 312,1262,259,260,286
286: 287,313,260,285
287: 286,314,261,288
288: 315,1263,1244,287
289: 290,1278,1246,263,1277
290: 289,1278,1279,264,2249
291: 292,317,1248,2246,1266
292: 291,318,2246,1249,1280
293: 294,319,265,1250,1267
294: 293,320,265,266,295
295: 1281,266,1251,294
296: 1282,2251,267,268
297: 269,298,321
298: 269,299,1253,297,322
299: 298,1253,1268,323,324
300: 1254,1268,301,324,325,326
301: 270,302,1850,300,326
302: 270,301,303,326,327,328
303: 271,272,304,270,302,328
304: 272,303,1269,328,329
305: 274,1269,1854,331
306: 275,1856,307,1284
307: 276,308,306,1285
308: 277,307,278,1270,1285,1286
309: 281,282,1273,1857,1287,333
310: 283,284,1274,311,1289,1290
311: 1260,1275,284,310,1290
312: 285,2252,313,1291
313: 286,314,312,334
314: 287,313,315,335
315: 288,314,1292
316: 1265,1277,1276,1293
317: 291,318,2254,337,1295
318: 292,317,1280,1295,1296
319: 293,320,2255,1297
320: 294,319,1281,338
321: 341,297,322
322: 323,342,298,321
323: 322,343,299,324,344
324: 325,344,299,300,1268,323
325: 324,344,345,300,326,346
326: 327,346,300,301,302,325
327: 326,346,347,302,328,348
328: 329,348,302,303,304,327
329: 328,349,304,330
330: 331,350,1269,329
331: 330,351,305,1854,332
332: 1283,1300,1854,331,351
333: 1288,1302,309,1857,1287
334: 335,356,313,1291
335: 334,357,314,1292
336: 358,1277,1278,1303
337: 359,1294,2254,317,1295
338: 1297,1308,320,1281,2264
339: 364,365,1299,1282,340,366
340: 366,1282,339
341: 321,342,367
342: 322,343,341,368
343: 323,342,344,369,370
344: 324,325,345,323,343,370
345: 325,344,346,370,371
346: 326,327,347,325,345,372
347: 327,346,348,372,373
348: 328,349,327,347,374
349: 329,348,350,374,375
350: 330,351,349,375,376
351: 331,350,332,1300,376,377
352: 1284,1301,353,379
353: 1285,1286,2452,352,1311
354: 1288,1302,355,380
355: 1860,1865,354,381
356: 334,357,2260,1316
357: 335,356,1317
358: 336,1304,1303,383
359: 337,2262,384,1319
360: 1305,2258,1306,386,387
361: 1297,1308,1307,2268,1322
362: 363,1298,2259,1309,1323
363: 362,2259,364,388,1323
364: 339,365,1299,363,2259,389
365: 339,364,366,389,1324
366: 340,339,365,1324
367: 390,341,368
368: 369,391,342,367
369: 368,392,343,370,393
370: 371,393,343,344,345,369
371: 370,394,345,372,395
372: 373,395,346,347,371
373: 372,396,347,374,397
374: 375,397,398,348,349,373
375: 374,398,349,350,376,1325
376: 377,1325,1326,350,351,375
377: 376,1326,351,1300,1873
378: 379,1327,1301,1310
379: 378,1328,352,1311,2457
380: 1331,1872,354,381
381: 382,405,355,380
382: 381,1332,1865,1315
383: 408,1336,358,2267
384: 409,1319,2272,359,385
385: 1320,1337,2273,2262,384
386: 410,1338,360,387
387: 411,1321,360,1306,386
388: 414,1323,363,389,415
389: 415,416,1324,364,365,388
390: 367,391,418
391: 368,392,390,1341
392: 369,391,393,1342,419
393: 370,394,369,392,419
394: 371,393,395,419,420
395: 372,396,371,394,421
396: 373,395,397,421,422
397: 374,398,373,396,423
398: 374,375,397,1325,424
399: 1312,1329,400,1344,426
400: 401,1868,399,1312,426
401: 400,1313,402,427
402: 403,1314,1869,401,428
403: 402,1314,404,429
404: 1330,1870,403,1345
405: 381,1332,1331,1346
406: 407,1318,1334,1350
407: 406,2266,1335,1351
408: 383,1336,2267,1352,432
409: 384,2272,1337,433,434
410: 386,1338,411,1353,1354
411: 387,412,410,435,1354
412: 411,1321,1339,435
413: 1322,2269,1340,436,1355
414: 388,1323,2274,415,1356,2279
415: 389,416,388,414,1356,437
416: 389,415,1324,417,437,438
417: 416,1324,438
418: 439,390,1341
419: 420,441,392,393,394,1342
420: 419,442,394,421
421: 422,443,395,396,420
422: 421,444,396,423
423: 424,445,397,422
424: 423,446,398,1325,1875
425: 1343,1358,1326,1873,1874,1876
426: 427,1359,399,400,1344
427: 426,1360,401,428
428: 429,1361,402,427
429: 428,1362,403,1345
430: 448,1347,2280,2271,449,1348
431: 449,450,1348,1333,1349
432: 451,452,2278,408,1352
433: 434,453,409,2272,2278
434: 433,454,409,1337,1363
435: 456,1354,1365,411,412
436: 1355,1367,2283,413
437: 438,1368,415,416,1356
438: 437,1369,416,417
439: 418,440,457
440: 1341,1877,439,458
441: 419,442,1342,1877,1370
442: 420,441,443,460,1370
443: 421,444,442,461
444: 422,443,445,462
445: 423,446,444,463
446: 424,445,1357,464
447: 1357,1875,1876,1358,465,1879
448: 430,2280,449,1371,466
449: 431,450,1348,430,448,466
450: 431,449,1349
451: 432,452,2281,2285,1372
452: 432,451,2278,453,467
453: 433,454,452,2278,467,468
454: 434,453,1363,468,1373
455: 1353,1364,456,1354,469
456: 435,1354,1365,455,1374
457: 439,458,1376
458: 459,1376,440,457
459: 458,1377,1877,472,1370
460: 473,1370,442,461
461: 462,474,443,460
462: 461,475,444,463
463: 464,476,445,462
464: 463,477,446,1357,1878
465: 478,1878,447,1357,1879
466: 935,1383,448,449,1371
467: 1372,1384,452,453,468
468: 480,1373,453,454,467
469: 481,1386,2286,455,1374
470: 483,1375,1366,2283,471
471: 1388,1367,2283,470,483
472: 473,1370,459,1377,1389
473: 460,472,474,484
474: 461,475,473,485
475: 462,474,476,486
476: 463,477,475,1390
477: 464,476,1378,1878,1391
478: 465,1378,1878,1379,1392,1884
479: 1381,1882,1382,1883,488
480: 468,1384,490,1398
481: 469,1386,2286,1385,492
482: 483,1375,1387,2288,1399
483: 470,482,471,1388,493,1399
484: 494,1389,473,485
485: 486,1401,474,484,494
486: 485,1402,475,1390
487: 1393,1404,1900,1380,1394
488: 496,1886,479,1887
489: 500,1397,1908,1384,490
490: 1398,1411,2290,480,489,500
491: 501,1412,1893,1385,492
492: 502,1894,481,491,501
493: 1399,1414,483,1388,1909
494: 484,1896,485,1401,505,506
495: 496,1886,1405,509
496: 488,495,1406,510
497: 1395,1408,498,1422,1913
498: 1409,1890,497,1423
499: 1396,1410,1892,1906,1915,513
500: 489,1908,490,1411,514,1425
501: 491,1412,492,502,515
502: 492,503,1894,501,516
503: 502,1894,1413,517
504: 519,1415,1400,518
505: 506,521,494,1896,520,1415
506: 505,1427,494,1401
507: 522,1417,1403,1416
508: 1428,1404,1900,1418
509: 510,523,495,1910
510: 509,1430,496,1406
511: 524,1419,1407,512
512: 1420,1431,1902,1903,511
513: 1434,2297,499,1410,1915
514: 1425,1435,500,1908,1424,1925
515: 528,1916,501,516
516: 517,529,502,515
517: 516,529,1437,503
518: 504,519,531
519: 504,520,518,531,532
520: 519,1415,505,521,1441
521: 505,1427,520,1441,1442
522: 507,1921,1920,533
523: 509,1430,1429,1445
524: 511,1922,1431,1446,1928
525: 526,1421,1432,1447
526: 525,1912,1433,1913,1448
527: 879,880,1915,1434,534
528: 515,1436,529,536
529: 516,517,1437,528,1450
530: 1426,1439,1438,537,1935
531: 539,518,519,532
532: 1441,1453,519,531,539
533: 1444,1454,522,1443
534: 541,1930,527,880,1931
535: 542,1449,1925,1932
536: 543,1933,528,1450
537: 544,1935,1438,530,1460,1934
538: 1452,1463,1440,1462,1936
539: 531,532,1453,546
540: 1455,1928,1937,1464,1942
541: 534,1456,1457,547,1466
542: 535,1939,1458,548,1945
543: 536,1459,1940,549
544: 537,1461,1935,1460,551
545: 1451,1462,1461,1470
546: 552,539,1453,1471
547: 1466,1474,1953,541,1456,553,1465
548: 1467,1476,1955,542,1939,1945
549: 1478,1947,543,1468
550: 555,1469,1957,1460,551
551: 556,1948,1460,544,550,555
552: 546,1471,557
553: 1465,1473,1943,547,1474,1483
554: 1477,1945,1476,562
555: 550,1957,551,556,563,1487
556: 551,1479,1948,555,1487
557: 565,552,1471,566
558: 559,568,1951,937
559: 558,569,1472,1482
560: 561,1494,1495,1475,1484
561: 560,1495,1475,1954,1955,1485
562: 1496,554,1963
563: 1497,1498,1964,555,1487
564: 572,1489,1480,1488
565: 557,566,573
566: 1490,557,565,1500
567: 1481,1492,1967,575,576
568: 558,569,937,1502
569: 559,568,1968,577
570: 1486,1971,1497,1964,579
571: 1488,1499,572,1508
572: 564,571,1509
573: 565,1500
574: 575,1511,1491,1501
575: 574,581,1967,567,576
576: 1512,567,575
577: 1502,1513,569,1503
578: 582,1504,1493,1505
579: 1506,1515,570,1976
580: 586,1976,1498,1507
581: 575,1511,1512,1520
582: 578,1981,583,1521
583: 584,1505,582,590
584: 583,1974,1514,1522
585: 586,1976,1515,1525
586: 580,585,587,591,592
587: 1507,1516,586,592
588: 589,1526,1510,595
589: 588,1527,1978,1518
590: 599,1522,583,598,1521
591: 602,1525,1996,586,592
592: 603,1990,586,587,591
593: 594,604
594: 595,1517,593,604
595: 594,588,1526,605
596: 1519,1528,597,1535
597: 881,1985,596,1536
598: 1521,1529,590,599,607
599: 590,598,1539
600: 890,1523,1530,1540
601: 1524,1531,1532,1541,2328
602: 591,1996,603,1542,1543
603: 592,1533,602,1543
604: 605,609,593,594,608
605: 604,609,1544,595
606: 607,1549,1529,1538
607: 606,1550,598,1539
608: 604,609,613
609: 604,605,1544,608,613,614
610: 611,1534,1545,616
611: 610,1998,1546,617
612: 1537,1548,1547,1554
613: 621,608,609,614,622
614: 622,1560,609,1544,613
615: 1553,1561,1545,616
616: 617,1562,610,615
617: 616,1563,611
618: 1554,1564,1548,1555
619: 1557,1567,2010,1551,623,1556
620: 1559,1569,1552,1558
621: 613,622,624
622: 614,1560,613,621,625
623: 1556,1566,619,1567,630
624: 621,625
625: 626,1576,1577,622,624
626: 625,1577,1560,627
627: 1570,1578,2018,626
628: 632,1571,1565,1572
629: 630,1581,1566,633,1573
630: 629,634,623,2027
631: 1574,1583,1568,1575
632: 628,2031,1587
633: 1573,1580,629,1581,637
634: 630,1581,1582,639
635: 1584,1591,1579,1585
636: 637,1595,1580,1588
637: 636,1596,633,638
638: 639,641,642,1581,637
639: 638,642,634,643,2038
640: 1586,1593,1592,1603
641: 638,642,1596,649,1607
642: 638,639,641,643,649,650
643: 1597,2038,639,642,650,651
644: 1589,1599,645,653
645: 1600,2042,644,654
646: 1602,1611,2055,1590,1601
647: 1603,1613,1593,1604
648: 1606,1615,1594,1605
649: 1607,1616,641,642,650
650: 651,656,642,643,649
651: 650,656,657,643,1597,1608
652: 1609,1617,1598,1610,2060
653: 1618,2054,644,654
654: 1619,645,653
655: 1605,1614,1615,661
656: 650,651,657,1616,1624
657: 651,656,1608,1625
658: 659,663,1612,1620
659: 658,1629,2056,1621
660: 661,664,1614,1622
661: 660,665,655,2064
662: 1620,1628,663,672
663: 658,1629,662,673
664: 660,665,2076,678,679
665: 661,664,666,2064,679
666: 667,2064,665,1639,1640
667: 666,1623,1631,1640,2084
668: 669,1626,1632,1643,1644
669: 668,1626,2067,670,1644
670: 1627,1633,669,1645
671: 672,681,1628,680,1634
672: 671,682,662,673
673: 674,683,663,672
674: 673,684,1629,675
675: 685,1635,2070,674
676: 687,1637,1630,1636
677: 1638,1648,2076,678
678: 679,688,1649,664,677
679: 678,1649,664,665,1639
680: 1634,1646,671,681,694
681: 671,682,680,694,695
682: 672,681,683,696
683: 673,684,682,697
684: 674,683,685,698
685: 675,686,684,699
686: 685,1635,1647,699,1654
687: 676,1637,2090,1655
688: 678,1649,1648,1657
689: 1639,1640,2093,690,701,1658
690: 1650,2084,689,701,1659
691: 1641,1651,2095,702,703,704
692: 1642,1652,1651,705
693: 1644,2097,1645,2098,707
694: 709,710,2103,680,681,695
695: 696,711,681,694,710
696: 695,712,682,697
697: 698,1667,683,696,712
698: 697,1668,684,699
699: 1654,1669,685,686,698
700: 713,1656,910,2104
701: 1658,1672,689,690,1659
702: 716,2107,916,2095,691,703
703: 704,1674,691,702,716
704: 703,1675,691,1651,705
705: 706,717,692,704,1675
706: 705,717,1676,1652,1660
707: 1661,1677,693,2097,1662,2364
708: 1678,2122,919,1653,2108
709: 694,710,2103,2115,723,724
710: 694,709,695,711,725
711: 695,712,710,725,1684
712: 696,711,697,1667,1685
713: 700,714,1670,727
714: 713,1656,1671,728
715: 2106,2119,2120,1688
716: 702,1673,703,1674,731
717: 705,706,1676,1675,732
718: 1663,1679,2109,719,1691
719: 720,2110,718,734,735
720: 719,1664,2110,1680,735
721: 1665,1681,1682,2113,738
722: 723,740,1666,1683
723: 722,741,2115,709,724
724: 725,742,709,723,741
725: 724,1693,710,711,1684
726: 744,1687,2137,2117,1686
727: 728,1696,713
728: 727,1697,714
729: 745,2127,2120,1688
730: 731,746,2362,1673,945
731: 730,746,747,716,1673,2129
732: 748,2131,717,2130,2143
733: 749,946,1690,1678,1689
734: 735,750,1702,719,1691
735: 734,750,719,720,1680,736
736: 737,751,752,1680,735,750
737: 736,752,1680,2123,1681,2132
738: 1704,2132,721,1681,1682,739
739: 827,1692,1705,1682,738,1704
740: 722,741,2133,1706
741: 723,740,724,742,1707
742: 724,1693,741,1708
743: 1686,1695,744,754
744: 726,2137,743,754,755
745: 729,1698,2140,1713
746: 730,731,747,945,760,761
747: 731,746,1700,2129,761
748: 732,1701,2131,2143,764
749: 733,946,2144,2370,1716
750: 734,735,1702,736,751,765
751: 736,752,750,765,766
752: 736,737,751,1703,767
753: 1717,2150,1694,1709
754: 1719,2147,743,744,755
755: 756,1720,744,754
756: 755,1721,2137,2138,1712
757: 826,1722,2372,2140,1713
758: 1714,1723,2373,1699,1715,2151
759: 774,2151,945,1715,760
760: 761,775,746,759
761: 760,776,746,747,1700,762
762: 763,777,1700,761,776
763: 762,1724,1700,2143,764
764: 1725,748,763
765: 778,2149,750,1702,751,766
766: 767,1727,751,765,778
767: 766,1728,752,768
768: 769,779,1729,1703,767,1728
769: 768,779,1703,1704,1705,770
770: 780,830,1705,769,779
771: 772,1710,2150,781,782
772: 771,1710,2145,773,782
773: 1711,1718,772,783
774: 759,2151,775,786
775: 760,776,774,787
776: 761,775,762,777,788
777: 762,1724,776,788
778: 765,1726,2149,766,1727,789
779: 768,769,1729,770,780,790
780: 770,779,790
781: 1717,2150,771
782: 771,772,783
783: 784,773,782
784: 783,1718
785: 786,1723,2151
786: 785,774,787
787: 788,775,786
788: 787,776,777
789: 778,1726,1727
790: 779,1729,780
791: 792,794
792: 793,791,795,796
793: 792,796
794: 791,795
795: 796,1736,792,794
796: 795,1736,792,793,960,1730
797: 798,2375,800
798: 797,799,801
799: 5,798,802
800: 801,797,2375,2379
801: 800,798,802
802: 951,2380,799,801
803: 804,806,2475,2482
804: 803,807,805
805: 808,2483,804
806: 803,807
807: 804,806,808,0
808: 805,807,2484
809: 812,1368,810
810: 811,813,1368,809
811: 810,814,1369
812: 809,813
813: 810,814,812
814: 811,813
815: 816,818
816: 817,815,819
817: 816,820
818: 815,819
819: 820,816,818
820: 819,817
821: 822,2139,824
822: 821,823,825
823: 1688,2140,822,826
824: 825,821,2148
825: 824,822,826
826: 757,2372,823,2140,825
827: 739,1692,1705,828,830
828: 829,827,1692,831
829: 828,832
830: 770,827,831
831: 832,828,830
832: 831,829
833: 836,834
834: 835,1738,833,837
835: 834,1738,838,971,1741
836: 833,837,1733
837: 838,1733,2376,836,834
838: 837,2376,835,1741,2381
839: 4,842,840
840: 13,19,841,839,843
841: 19,840,844,972
842: 839,843,1734
843: 20,844,1734,842,840
844: 20,843,841,973
845: 848,846
846: 847,845,849
847: 846,850
848: 1775,845,849
849: 850,848,846
850: 849,1786,847
851: 99,854,852,1088
852: 853,1088,2413,851,855,856
853: 852,2413,856,2414
854: 1776,925,851,855
855: 856,1789,854,852
856: 855,1789,852,853,1121
857: 86,1066,2412,860,858,861
858: 859,1793,857,2412,861
859: 858,1793,862,1125
860: 1067,1778,86,857,861
861: 862,857,860,858
862: 861,1794,859
863: 112,1072,927,866,864,867
864: 125,865,112,863,867,868
865: 125,864,1115,868,2210
866: 2194,2201,863,927,867
867: 868,2203,863,866,864
868: 134,867,864,865,146,2210
869: 245,1249,872,870
870: 871,869,1249,873
871: 870,1280,873,874,2258
872: 869,873
873: 874,872,870,871
874: 873,871
875: 1905,878,876,1914
876: 877,1914,875,879,880
877: 876,1923,880,1930
878: 1906,875,879
879: 527,880,1915,878,1906,876
880: 527,879,876,877,534,1930
881: 597,884,882
882: 883,1536,881,885
883: 882,2007,886
884: 881,885
885: 886,884,882
886: 885,883
887: 1994,890,888,891
888: 889,2002,887,891,892
889: 888,2009,892,2016
890: 600,1523,887,891
891: 892,1540,887,890,888
892: 891,2010,888,889,1556,2016
893: 1995,896,894
894: 895,2004,893,1995,897
895: 894,2004,2012,898,2017
896: 2322,2326,893,897
897: 898,896,2326,894
898: 897,895
899: 902,900
900: 901,899,903
901: 900,904
902: 899,903
903: 904,902,900
904: 903,901
905: 2074,908,906
906: 907,2083,905,909,910
907: 906,2083,2091,910,2104
908: 905,909
909: 910,2092,908,906
910: 909,2092,906,907,700,1656
911: 2077,914,912
912: 913,2086,911,915,916
913: 912,2086,2094,916,2359,2107
914: 2351,2353,911,915
915: 916,2095,914,2353,912
916: 915,2095,912,913,702,2107
917: 2080,920,918
918: 919,2089,917,921,922
919: 918,1653,922,708,2109
920: 917,921
921: 922,2099,920,918
922: 921,2099,918,919,1663,2109
923: 8
924: 
925: 854,2408,2409
926: 2198
927: 863,1072,1056,2189,866
928: 1823,234
929: 1825,236
930: 1821,1211,1836,1837
931: 2231,205,220
932: 2236
933: 2469,2476
934: 
935: 466
936: 
937: 558,568
938: 1483,2311
939: 1971,2317,1506
940: 
941: 
942: 2339
943: 1694,2135
944: 2138,1687,2137
945: 2142,730,746,759
946: 733,749,1690,2366
947: 18,1731,1732
948: 2377,1,949
949: 2378,2,948
950: 12
951: 802,2380,5
952: 14,2157,2152
953: 2153,6,14
954: 15
955: 16,8
956: 2155,2160,17
957: 17,2156
958: 2156,2161,9,21,959
959: 21,969,10,958
960: 1730,1737,796,1736,22
961: 18,1731,1737,24
962: 1732,18,25
963: 12,19
964: 1735,2379,20,2382,2383
965: 14,2157
966: 15,2158
967: 16,2159
968: 17,2160
969: 21,959
970: 1739,1744,1736,22
971: 28,1741,835,1738,1740
972: 2386,19,841
973: 2387,20,844,2382
974: 29,2162
975: 21,2163
976: 1739,1744,31,32
977: 22,26,1744,33
978: 25,27
979: 1740,28,1748
980: 28,1741,34
981: 1742,1746,1745,35,990
982: 1743,1747,36,1749
983: 37
984: 29,2164,2167,996
985: 30
986: 2163,39
987: 26,988
988: 27,987
989: 1745,35
990: 35,40,981,1746,1749
991: 41,1750,1747,36
992: 42
993: 37,2170,2165
994: 37
995: 43,44,2167,2164,2166
996: 45,29,984,38
997: 2168,2171,39
998: 39
999: 32,1000
1000: 33,999
1001: 34,1751,1748,48,1753
1002: 35,40
1003: 36,1004,1749,40,2400
1004: 36,1003,41,2400,1015
1005: 41,1750,2401
1006: 42,2169,49
1007: 2165,42,2172
1008: 37,2170,2173
1009: 50
1010: 2166,51
1011: 45,44,2167,1021,52
1012: 46
1013: 2399,2402,1752,48
1014: 40,2400
1015: 1756,2401,1004,41
1016: 2173,2177,50
1017: 50
1018: 2174,51,56
1019: 51,2178,43,1020
1020: 1021,2179,43,44,1019,2178
1021: 1020,2179,44,1011,1030
1022: 59
1023: 47,2175
1024: 48,1753,2402,2405
1025: 1754,1757,1758,60,1037
1026: 1755,1761,1760,62
1027: 49,54,2176,2182
1028: 55,1042
1029: 50,2177
1030: 57,1021,2179
1031: 58
1032: 59,2180,2183
1033: 2181,59,2184
1034: 2175,2181,69
1035: 70
1036: 71,1764,1756,1048,1763
1037: 60,1768,1025,1757,1764
1038: 61,1769,1759
1039: 1770,1760,62
1040: 62,2410,1761
1041: 2182,54,1042,2185
1042: 1051,2185,54,55,1028,1041
1043: 74,1053,63
1044: 2188,2179,64
1045: 69
1046: 70,80
1047: 1762,1766,1767,82
1048: 1763,1767,71,1036,1773
1049: 71,1764,1768,83
1050: 62,2410,2411
1051: 1042,2185,88
1052: 2186,89
1053: 74,1043,2187,2193
1054: 64,75,92,1071
1055: 65,76,2188,93
1056: 66,77,2189,927
1057: 2189,78,2183,2194
1058: 67,78,79,2195
1059: 68,79,1060
1060: 69,1059,2196
1061: 80,96
1062: 98,1771,1765,1772
1063: 82,1077,1766
1064: 100,1773,1767,82
1065: 83,1777,71,1773
1066: 86,857,2412,73,85
1067: 860,1770,86
1068: 103,2191,2190
1069: 2197,88
1070: 1083,2199,2187,89
1071: 2200,1054,2188,92
1072: 112,863,927,77,94,111
1073: 79,2195
1074: 96,2196
1075: 97,81
1076: 98,1771,1780
1077: 82,1063,100,1782,1783
1078: 100,1773,1777,1089,1784
1079: 83,1777,101,1090,1785
1080: 1774,2190,1779,116,1093
1081: 88,105,2197,119
1082: 89,106,2199,1096
1083: 1070,2199,107
1084: 92,109,2200,1097
1085: 2200,110,123
1086: 95,2195,2201,2203,1098
1087: 1780,1788,98,1088,2413
1088: 852,2413,99,851,1087
1089: 1784,1791,100,1078,1783
1090: 128,1785,1079,1777,1784
1091: 115,1792,102,2412,1793
1092: 1795,1779,116
1093: 116,130,1080,103,117
1094: 117,1108,104,118,1109
1095: 120
1096: 106,1082,2202
1097: 109,1084,122,1113
1098: 135,1086,2204
1099: 137,2205,1117
1100: 139,1101,113,138,2205
1101: 139,1100,113,1102
1102: 1118,114,1101
1103: 1780,1788,1787,1119,140
1104: 1781,1790,1789,141,142
1105: 126,1782,1783,1790,1797
1106: 128,1785,1107,1124,1798
1107: 115,1792,1106,1785,1798
1108: 117,1094,130,1128,1129
1109: 118,1110,1094,1129,2207
1110: 119,1109,1111,2207
1111: 120,119,1110
1112: 121,131,2208
1113: 122,131,1097
1114: 2206,132,2209
1115: 125,865,133,145
1116: 135,134,2203,1134,2211
1117: 136,137,1099,2212,147
1118: 1102,148,1138
1119: 149,1796,1787,1103,140
1120: 140,2415,1788,2413,2414
1121: 856,1789,141
1122: 154,1123,127,1791,143
1123: 1122,1801,127,128,1124
1124: 1802,128,1106,1123
1125: 1803,1792,859,1793,144
1126: 156,1799,1795,129,1127
1127: 1128,1805,129,1126
1128: 1127,2214,130,1108,1143
1129: 157,1143,1108,1109,2207
1130: 159
1131: 160,2208,1146
1132: 131,161,2208
1133: 145,2215,132,133,2209
1134: 2211,2217,135,1116,1135
1135: 2212,2218,136,1134
1136: 147,138,1137
1137: 2213,138,139,1136
1138: 148,2219,1118,2213
1139: 149,1796,1800,162
1140: 141,151
1141: 155,1798,168,1806
1142: 156,1799,1804,169
1143: 157,1129,1128,2214,2220
1144: 158
1145: 159,172
1146: 159,160,1131,2222
1147: 145,2215,174
1148: 146,2216,2211,2224,1163
1149: 147,1164
1150: 148,2219
1151: 1800,162
1152: 2417,2419,150,163
1153: 151,164,1167
1154: 1808,1809,1802,167
1155: 180,1807,155,1803,168,179
1156: 1810,1804,169
1157: 1805,2214,170,1171
1158: 2220,2422,157,171,182
1159: 172,2225,2221
1160: 2222,2226,159,172
1161: 173,161
1162: 2223,2227,2215,174
1163: 175,2228,1148,2217,2224
1164: 176,1149
1165: 162,1166,2423
1166: 163,1165,2419,2423
1167: 164,177,1153,1811
1168: 167,178,1808,187,1812
1169: 168,179,1806,1809,1177,1813
1170: 180,1807,2427
1171: 170,181,1157,1814,1815
1172: 171,182,2428
1173: 173,184
1174: 174,185,196
1175: 175,2228,1176
1176: 176,1175
1177: 188,200,1808,1809,1169,1813
1178: 1817,1810,191,201
1179: 203,2422,182,192
1180: 204,2225
1181: 2231,183,2229
1182: 194,207,1196
1183: 196
1184: 211
1185: 197,1811,1819
1186: 198,1812,199,1200
1187: 1188,1813,200,214
1188: 189,1187,1189,1820
1189: 190,2433,1188,1821
1190: 1815,2230,202,1814,216,1822
1191: 203,2230,2438,217
1192: 192,2428,203,1203,2234
1193: 204,2428,218
1194: 2231,204,219
1195: 206
1196: 2232,207,1182,2235
1197: 211,2233,2237
1198: 211
1199: 223,1823,1816,1818
1200: 1827,1828,198,1186,212
1201: 213,1210,199,1828
1202: 1817,215,1212
1203: 2234,1192,218,228
1204: 220,1217,206
1205: 1206,209,222,1219
1206: 1205,209,210,231,2236
1207: 233,2237,211
1208: 1818,223,1222
1209: 224,1819,237,1834
1210: 213,1201,225,239,1835
1211: 930,1821,226,1820,240,1836
1212: 215,227,1202,1838,1839
1213: 1822,227,1227,1228
1214: 217,1215,2438,241
1215: 217,1214,2234,241,2240
1216: 218,219,228,242,2241
1217: 220,1204,2242
1218: 229,2235,2238,2243
1219: 222,230,1205
1220: 2239,232,2237,2244
1221: 233
1222: 235,1840,223,1208
1223: 249,1842,1824,1830
1224: 236,252,1826,1236,1833
1225: 238,255,1827,1828,1835
1226: 240,1845,225,226,239
1227: 1839,1847,227,1213,1848
1228: 1848,2245,1213,241
1229: 259,2240,228,242
1230: 2246,231,245
1231: 267,248
1232: 235,1840,234,269,1253
1233: 1829,1842,270,1850
1234: 250,1831,1843,274
1235: 1832,251,1256
1236: 1833,1844,252,1224,276
1237: 237,253,1834,1844,277,278
1238: 1239,1835,255,1258
1239: 239,1238,1845,1851,280
1240: 240,1845,256,1852,281
1241: 256,1836,1837,1846,282,1259
1242: 1838,1846,257,1839,1259,1853
1243: 258,2240,2248,1262
1244: 261,2241,288
1245: 262
1246: 263,1265,289
1247: 244,264,1266,2249
1248: 2246,1266,291
1249: 245,869,2246,292,870
1250: 265,293
1251: 247,266,295
1252: 267,2247,2251
1253: 269,298,299,1232,1840,1849
1254: 300,1268,1849,1841,1850
1255: 1854,1855,1843,2442,274
1256: 275,1856,1235,251
1257: 1258,2443,254,279
1258: 1257,2444,255,1238
1259: 1853,1857,1241,1242,1846,282
1260: 311,1275,1848,2245,284
1261: 2248,2445,2245,258,1275
1262: 285,2252,1243,2248
1263: 288,262,1264
1264: 262,1263
1265: 316,1246
1266: 2249,2254,1247,1248,291
1267: 2250,2255,293
1268: 300,1254,1849,299,324
1269: 273,305,304,330
1270: 278,1271,308,1286,2446
1271: 279,1270,2443,2446,2447
1272: 280,1852,2448
1273: 281,309,1852
1274: 283,310,1858,1860
1275: 311,1260,1261,2445,2449
1276: 2253,316,2257
1277: 316,289,1278,336
1278: 289,290,1279,1277,336
1279: 290,1278,2249,1294
1280: 871,292,318,2258
1281: 295,320,338
1282: 296,339,340
1283: 332,2451,1855
1284: 352,1859,306,1285
1285: 353,1286,307,308,1284
1286: 353,1285,2452,308,1270,2446
1287: 309,333,1302
1288: 333,354,1858,1860
1289: 1860,1865,310,1290
1290: 1866,2449,310,311,1289
1291: 2256,2260,312,334
1292: 315,335
1293: 1303,2261,316,2257
1294: 337,1279,1304
1295: 1296,2262,317,318,337
1296: 1295,318,1305
1297: 338,361,1308,319
1298: 362,2259,1309
1299: 339,364,2259
1300: 332,2451,351,377
1301: 352,1859,1861,378
1302: 333,354,1287,1872
1303: 1293,2261,336,358,2267
1304: 358,1294,1319
1305: 360,1296,1320
1306: 360,387
1307: 2263,361,2268
1308: 338,361,1297,2264,1322,2269
1309: 2264,362,1298,2270
1310: 1861,378
1311: 2457,353,2452,379
1312: 399,1867,1862,400,1868
1313: 401,1868,1863,1869
1314: 402,403,1869,1864,1870
1315: 2455,2458,1866,382
1316: 1317,2271,356,2265
1317: 1316,2271,357
1318: 406,2266
1319: 384,2272,1304,359
1320: 385,2273,2262,1305,1338
1321: 387,412,2263
1322: 413,2269,361,1308,2268
1323: 388,414,362,363,2270,2274
1324: 389,416,365,366,417
1325: 376,1326,375,398,424,1875
1326: 376,377,1325,1873,1876,425
1327: 378,1328,2461
1328: 379,1327,2457,2462
1329: 399,1867
1330: 404,1871,2464
1331: 380,405
1332: 382,405,2458,2465
1333: 431
1334: 406,2276
1335: 2267,407,1352,2277
1336: 383,408,2272,2278
1337: 385,2273,409,434
1338: 386,410,1320,2273,1353
1339: 2268,412
1340: 2270,413,2269
1341: 440,1342,391,418
1342: 1341,1877,392,419,441
1343: 425,2469,1874
1344: 399,426,1359
1345: 2464,2472,404,429
1346: 2465,2474,405
1347: 430,2280,2271,2275
1348: 431,449,2271,430
1349: 2276,431,450
1350: 1351,406,2276
1351: 1350,407,2277
1352: 2277,2281,1335,408,432
1353: 455,1364,410,1338,1354
1354: 435,456,410,411,455,1353
1355: 436,2283,413,1366
1356: 2279,414,415,437,1368
1357: 447,1875,446,464,465,1878
1358: 425,2469,447,1876,1879
1359: 426,1360,1344,1881
1360: 427,1359,1361,1882
1361: 428,1362,1360,1883
1362: 429,1361,2472,1883,2478
1363: 2282,434,454
1364: 455,1353,2282,2286
1365: 435,456,1375
1366: 1355,2283,470
1367: 436,2283,471
1368: 437,1369,1356,809,810
1369: 438,1368,811
1370: 460,472,1877,441,442,459
1371: 2284,448,466,1383
1372: 467,1384,451,2285
1373: 468,454
1374: 1387,456,469,1386
1375: 470,482,1365
1376: 458,1377,457
1377: 459,1376,472,1389
1378: 478,1878,477,1391,1392
1379: 1879,2476,478,1884
1380: 1880,2477,487
1381: 479,1881,1882,1885,1886
1382: 1883,2478,479,1887
1383: 466,1371,1891
1384: 467,1372,480,489
1385: 481,2286,491
1386: 469,481,1374,1894,1895
1387: 1374,482,1895,2288
1388: 471,483,493
1389: 484,1896,1377,472
1390: 1391,476,486,1402
1391: 1390,477,1378
1392: 1897,478,1378,1884
1393: 487,1900
1394: 487
1395: 497,1889,1890
1396: 499,1892,1906
1397: 489,1908,1907
1398: 490,2290,480,1893
1399: 493,1414,2291,482,483,2288
1400: 504
1401: 485,1402,494,506
1402: 486,1401,1390
1403: 1884,1898,1897,507
1404: 487,1900,508
1405: 1885,495,1910
1406: 1887,496,510
1407: 1888,1901,1902,511
1408: 497,1889,1912,1913
1409: 498,1890,1891,1905,2292
1410: 499,1892,2289,513
1411: 490,2290,500,2293
1412: 491,501,1893,2290,1916
1413: 1895,2288,503
1414: 493,1399,2291,1909,1917
1415: 504,520,1896,505
1416: 1920,1897,507
1417: 507,1921,1898
1418: 1899,508
1419: 511,1922,1901
1420: 512,1431,1903
1421: 525,1912,1904,1911
1422: 1433,1913,497,1423
1423: 2292,2296,498,1422
1424: 1924,1925,1907,2289,514
1425: 514,1435,500
1426: 530,1918,1909,1917
1427: 506,521
1428: 508
1429: 1910,523
1430: 510,523
1431: 512,1420,524,1928,1929
1432: 1911,525,2300
1433: 1422,1913,526,1448
1434: 513,2297,527,1915,1931
1435: 514,1425,1925,1932
1436: 528,1916,2298,1933
1437: 517,529,1450
1438: 1917,2299,530,1934,537
1439: 530,1918,1926,1935,1451
1440: 1919,1927,2295,1936,538
1441: 532,520,521,1442
1442: 521,1441
1443: 1920,533
1444: 533,1921
1445: 523
1446: 1937,524,1928
1447: 1448,525,2300
1448: 1447,526,1433
1449: 535,1939,2297,1924,2301
1450: 1940,529,1437,536
1451: 545,1936,1439,1926,1935
1452: 538,1927
1453: 532,539,546
1454: 533
1455: 540,1929,1942
1456: 541,1930,1938,1465,547
1457: 1931,2303,541,1466,1944
1458: 1932,542,1945,1946
1459: 543,1933,2304,1947
1460: 1934,1941,537,544,550,551
1461: 544,1935,545,1948
1462: 545,1936,538,1463
1463: 538,1462
1464: 1942,1951,1937,540
1465: 553,1943,1938,1456,547
1466: 547,1953,541,1457,1475,1944
1467: 548,1955,2303,1939,1954
1468: 1940,549
1469: 550,1957,2305,1941,1956
1470: 545,1948
1471: 546,552,557
1472: 1942,1951,1952,559
1473: 553,1943,2308,1483,2311
1474: 547,1953,553,1483,2312
1475: 1944,1954,1466,1953,560,561
1476: 548,1955,554,1945,1963
1477: 554,1946
1478: 549,2309
1479: 556,1948,1487
1480: 1949,1959,1958,564
1481: 567,1961,1950,1967
1482: 1968,1952,559
1483: 938,2311,553,1473,1474,2312
1484: 2312,2314,1953,560
1485: 1963,2315,1955,561,1495
1486: 570,1971,1956,2310,1964
1487: 1972,555,556,1479,563,1498
1488: 571,1965,1958,564
1489: 564,1959
1490: 566,1500,1973
1491: 1960,1967,1966,574
1492: 567,1961
1493: 1962,1969,1970,578
1494: 560,1495,2314
1495: 560,561,1494,1485
1496: 562,1963,2315
1497: 563,1498,1964,570,1976
1498: 563,1497,1487,1972,580,1507
1499: 571,1965,2316,2318
1500: 566,1490,573
1501: 1966,574
1502: 577,568
1503: 1968,577
1504: 578,1981,1969
1505: 583,1974,1970,578
1506: 579,2320,939,1971,2317
1507: 587,1977,1498,1972,580
1508: 2318,571,1509
1509: 572,1508
1510: 1973,1978,588
1511: 574,581
1512: 576,581
1513: 577
1514: 1975,584
1515: 579,2320,585,2322
1516: 587,1977,1990
1517: 594
1518: 1979,589,1527
1519: 596,1984,1980,1985
1520: 581
1521: 598,1986,582,590
1522: 590,584
1523: 600,890,1982,2319,1987
1524: 601,1988,1983,1989
1525: 591,1996,585,2322
1526: 588,1527,595
1527: 589,1526,1518
1528: 596,1984
1529: 598,1986,1993,606
1530: 1987,600,2003
1531: 601,1988,2324,2328
1532: 1989,2325,601,1541,2329
1533: 603,1990,2005
1534: 610,1998,1991,1997
1535: 596,1536
1536: 882,2007,597,1535
1537: 612,2001,1992,2000
1538: 2008,1993,606
1539: 599,607,1550
1540: 891,2010,600,2003
1541: 2328,601,1532
1542: 2330,602,1543,2333
1543: 2013,2333,602,603,1542
1544: 605,609,614
1545: 1997,2006,610,615
1546: 1999,611
1547: 2000,612
1548: 612,2001,2008,618
1549: 606,1550,2015
1550: 607,1549,1539,2015
1551: 2003,2011,2010,619
1552: 2005,2014,2013,620
1553: 615,2006,2019
1554: 618,612
1555: 2008,618
1556: 623,1566,2016,892,2010,619
1557: 619,1567,2011
1558: 2334,2336,2013,2333,620
1559: 620,2014
1560: 614,622,2018,626
1561: 615,1562
1562: 616,1563,1561
1563: 617,1562
1564: 618
1565: 2015,2020,2021,628
1566: 623,1556,2016,2022,629
1567: 619,1557,623,2027
1568: 2017,2023,2024,631
1569: 620,2336
1570: 627,2019
1571: 628,2031,2020
1572: 2021,628
1573: 633,2026,2022,629
1574: 631,2339,2023,2337
1575: 2024,631,1583
1576: 625,1577
1577: 625,626,1576,1578
1578: 627,1577
1579: 2025,2028,2029,635
1580: 633,2026,2032,636
1581: 629,634,633,638
1582: 2027,634,2038,2039
1583: 631,2339,1575
1584: 635,2028
1585: 2029,635
1586: 640,2036,2030,2035
1587: 632
1588: 2340,2342,2032,636
1589: 644,2041,2033,2042
1590: 2034,2045,2044,646
1591: 635
1592: 2035,640
1593: 640,2036,2046,647
1594: 2037,2048,2047,648
1595: 636,1596,2342,2345
1596: 637,1595,641,2345
1597: 643,2038,2039,2049,651
1598: 2040,2050,2051,652
1599: 644,2041,2344,2054
1600: 645,2043
1601: 2044,646,1611
1602: 646,2055,2045,1612,2052
1603: 647,640
1604: 2046,647
1605: 655,2053,2047,648
1606: 648,2059,2048
1607: 649,2348,641,2345
1608: 2346,2049,651,657
1609: 652,1617,2349,2343,2050,2346
1610: 2060,2051,652
1611: 646,2055,1601,2062
1612: 2052,2056,1602,2055,658
1613: 647
1614: 655,2053,2058,660
1615: 648,2059,655,1623,2064
1616: 649,2348,656,2351,1624
1617: 652,1609,2349,2060,2066,1626
1618: 653,2350,1619
1619: 654,1618
1620: 662,2062,2055,658
1621: 2070,2057,659
1622: 2076,2058,660
1623: 667,2064,1615,2059,2065
1624: 1625,2078,1616,656,2351
1625: 1624,2078,657,2079
1626: 668,669,2067,1617,2060,2066
1627: 670,2068,2061,2067
1628: 662,2062,2069,1634,671
1629: 659,663,2070,674
1630: 2063,2073,2072,676
1631: 2065,667,2084,2085
1632: 2066,2354,668,2355,1643
1633: 670,2068,2080,2356,2089
1634: 680,2081,2069,1628,671
1635: 675,686,2071,2082
1636: 2090,2072,676
1637: 676,687,2073,2083,2091
1638: 677,2075
1639: 689,1640,2093,666,679
1640: 689,1639,666,667,2084
1641: 691,2087,2353,2078,2095
1642: 692,2088,2079,1651,2087
1643: 1644,2097,1632,668,2355,2357
1644: 693,1643,2097,668,669,1645
1645: 2098,2356,670,693,1644
1646: 680,2081,2103
1647: 2082,686
1648: 677,688,2358
1649: 678,679,688,2093,2106
1650: 690,2084,2085,2094
1651: 691,2087,692,1642,704
1652: 692,2088,2096,706
1653: 919,2089,2356,2108,708
1654: 699,1669,686
1655: 2117,2118,2090,687,2116
1656: 700,714,910,2092,2105
1657: 2106,2119,688,2358
1658: 701,2120,689,2093,2106
1659: 690,701,1672
1660: 2360,2096,2357,706,1676
1661: 707,1677,2363,2357,2097,2360
1662: 2108,2121,2364,2098,707
1663: 718,2109,922,2099,2110
1664: 720,2110,2100,2111
1665: 721,2112,2101,2113
1666: 2102,2115,2114,722
1667: 697,1668,712,1685
1668: 698,1667,1669,2125
1669: 699,1654,1668,2125
1670: 2104,713
1671: 2105,714
1672: 701,2120,1659,2127
1673: 716,2107,2362,730,731
1674: 703,1675,716,2129,2130
1675: 704,1674,705,717,2130
1676: 706,717,1660,2131
1677: 707,1661,2363,2364
1678: 708,2122,2121,733,1690
1679: 718,2109,2122,1690,1691,2366
1680: 2111,2123,720,735,736,737
1681: 721,2112,2123,737,738,2132
1682: 2113,2124,721,738,739
1683: 2133,2114,722
1684: 1685,711,725,1693
1685: 1684,712,1667
1686: 743,2126,2116,2117,726
1687: 726,2137,2118,944
1688: 823,2140,715,2119,729
1689: 2144,2365,2121,2364,733
1690: 733,946,1678,2122,1679,2366
1691: 2366,2368,718,1679,734
1692: 739,827,2124,828
1693: 725,742,1684
1694: 943,2125,2134,1709,753
1695: 743,2126,2147
1696: 727,1697
1697: 728,1696
1698: 745,2127,2141,2369,1714
1699: 2128,2141,2142,1715,758,1714
1700: 2129,2143,747,761,762,763
1701: 748,2131
1702: 734,750,2368,765,2149
1703: 1704,2132,752,768,769
1704: 738,1703,2132,739,1705,769
1705: 739,827,1704,769,770
1706: 1707,740
1707: 1706,741,1708
1708: 742,1707
1709: 2134,1694,753
1710: 771,772,2145,2135,2150
1711: 773,2136,2146,2145
1712: 2138,756,1721
1713: 2369,745,757,1722
1714: 758,2373,1698,1699,2141,2369
1715: 2142,1699,758,759,2151
1716: 749,2370
1717: 753,2150,781
1718: 773,2146,784
1719: 754,1720
1720: 755,1721,1719
1721: 756,1720,1712
1722: 757,2372,1713
1723: 758,2373,2151,785
1724: 763,777,1725
1725: 764,1724
1726: 778,2149,2374,789
1727: 766,1728,778,789
1728: 767,1727,768,1729
1729: 768,779,1728,790
1730: 960,1737,796
1731: 947,961
1732: 962,947
1733: 837,2376,836
1734: 20,843,842,1735
1735: 964,2375,20,1734
1736: 795,796,960,970,1739
1737: 960,1730,961,23
1738: 834,835,971
1739: 970,976,1736
1740: 979,971
1741: 28,971,980,835,838
1742: 981,2377
1743: 982,2378,1747
1744: 970,976,977,32,33
1745: 981,989
1746: 981,990,1749
1747: 982,1743,991
1748: 979,34,1001
1749: 36,1003,1746,982,990
1750: 991,1005
1751: 34,1001,1752,48
1752: 2390,2395,1751,1013
1753: 48,1024,1001
1754: 1025,2396
1755: 1026,2397,2398
1756: 1015,2401,1036,1764
1757: 1025,2401,1037
1758: 1759,1025,60,61
1759: 1758,1038
1760: 1026,1039
1761: 1026,1040
1762: 1047,2404,1767
1763: 1048,1767,2404,1036
1764: 1036,1049,1756,1037
1765: 1062,1772
1766: 1047,1063
1767: 1048,1763,1047,1762,1064
1768: 72,1037,1049,84
1769: 73,1038,1770,86
1770: 1039,1769,1067
1771: 1062,1076
1772: 99,1765,1062
1773: 1064,1078,1048,71,1065
1774: 1080,2190,2410,1779
1775: 848
1776: 854,1781
1777: 1065,1079,1078,1784,1090
1778: 860,2411
1779: 2411,1080,1774,1092
1780: 1087,1103,1076
1781: 1104,1790,1776
1782: 1105,1783,1077,1790
1783: 126,1105,1782,1077,1089
1784: 127,1089,1078,1777,1090
1785: 1090,1106,1079,115,1107
1786: 850
1787: 1103,1119
1788: 1087,1103,2413,140,1120
1789: 855,856,1104,1121
1790: 1104,1781,1105,1782,142
1791: 127,1089,126,1122
1792: 115,1091,1107,1793,144,1125
1793: 858,859,1091,1792,1125
1794: 862,1799
1795: 1092,116,129,1126,1799
1796: 1119,1139
1797: 143,152,126,1105,142
1798: 144,1141,1106,1107
1799: 1126,1142,1794,1795
1800: 1139,1151
1801: 154,1123,1802,166,167
1802: 1124,1801,1154
1803: 1125,155,1155
1804: 1142,1156
1805: 1127,2214,156,170,1157
1806: 168,1169,1141,1809
1807: 180,1155,1170
1808: 1154,1809,167,1168,188,1177
1809: 1154,1808,1169,1806,1177
1810: 1156,181,1178
1811: 186,1185,177,1167
1812: 187,198,1186,1168,188
1813: 189,1187,1169,200,1177
1814: 191,202,1171,1190,1815
1815: 1190,1171,1814
1816: 1199
1817: 1178,201,1202
1818: 1208,223,1199
1819: 212,1209,197,1185
1820: 214,226,1188,1821,1211
1821: 930,1211,1189,2433,1820
1822: 1213,2438,1190,216
1823: 223,1199,928,235
1824: 1223
1825: 1826,929
1826: 1825,1224,1833
1827: 1200,1828,212,224,238,1225
1828: 1200,1827,1201,1225,1835
1829: 1233,1842
1830: 250,1831,1223
1831: 1234,1830,2439
1832: 1235,236,251
1833: 1236,1844,1826,1224
1834: 237,1237,1209,1844
1835: 239,1238,1828,1210,1225
1836: 256,1241,1837,930,1211,240
1837: 1241,1836,930,1846
1838: 1242,1846,1212,1839
1839: 257,1227,227,1212,1242,1838
1840: 1222,1232,1253,1849
1841: 1254,1850
1842: 249,1223,1233,1829,271
1843: 2441,2442,1234,1255
1844: 1236,1833,1237,1834,277
1845: 1226,1240,239,1239,280
1846: 1242,1838,1241,1837,1259
1847: 257,1227,1848,283,284
1848: 1228,2245,1227,1847,1260
1849: 1254,1268,1840,1253
1850: 270,301,1841,1233,1254
1851: 1239,280
1852: 280,1272,1240,281,1273
1853: 1259,1858,1242,257,283
1854: 1255,1855,305,331,332
1855: 1255,1854,1283
1856: 306,1256,1859
1857: 1259,1858,282,309,333
1858: 1853,1857,1274,1288
1859: 1284,1301,1856,1861
1860: 355,1289,1274,1288
1861: 1301,1859,1310
1862: 2446,2447,1312,1868
1863: 2447,1313
1864: 2448,1314,1869
1865: 355,1289,1866,382
1866: 1290,2453,1865,1315
1867: 1312,1329,2452
1868: 400,1313,1862,1312
1869: 402,1314,1864,1313
1870: 404,1871,1314
1871: 1330,1870
1872: 380,1302
1873: 1874,377,1326,425
1874: 1873,425,1343
1875: 447,1357,1876,1325,424
1876: 447,1875,1326,425,1358
1877: 440,1342,441,459,1370
1878: 465,478,1378,1357,464,477
1879: 1379,2476,447,1358,2469,465
1880: 1380,2470,2471,2477
1881: 1381,1882,1359
1882: 479,1381,1881,1360,1883
1883: 1382,2478,1361,1362,479,1882
1884: 1403,478,1379,1392
1885: 1405,1381,1886
1886: 488,495,1381,1885
1887: 1406,1382,488
1888: 1407
1889: 1395,1408,2287
1890: 498,1409,1891,1395
1891: 1409,1890,1383,1905
1892: 499,1396,1410
1893: 491,1412,1398,2290
1894: 492,502,503,1386,1895
1895: 1413,2288,1386,1387,1894
1896: 494,1389,1415,505
1897: 1392,1403,1416
1898: 1403,1417
1899: 1900,1418
1900: 487,1393,1404,1899,508
1901: 1407,1419
1902: 1903,1407,512
1903: 1902,512,1420
1904: 2484,1421
1905: 875,1409,1891,1914
1906: 878,499,1396,879,1915
1907: 2289,1397,1908,1424
1908: 489,500,1397,1907,514
1909: 493,1414,1426
1910: 1429,1405,509
1911: 1432,1421
1912: 526,1421,1408,1913
1913: 1422,1433,497,1408,526,1912
1914: 876,1923,875,1905,2292
1915: 527,879,1906,499,513,1434
1916: 515,1436,1412,2293
1917: 1438,2294,1414,1426
1918: 1426,1439
1919: 1440,2295
1920: 1416,522,1443
1921: 522,1417,1444
1922: 524,1419
1923: 877,1914,2292,2296
1924: 1424,1925,2297,1449
1925: 1424,1924,514,1435,535
1926: 2295,1439,1451,1936
1927: 1440,1452
1928: 540,1929,524,1431,1446
1929: 1455,1928,1431
1930: 534,1456,877,880,1938
1931: 1457,2301,1434,534
1932: 1458,1435,535
1933: 536,1459,1436,2302
1934: 1460,1941,1438,2299,537
1935: 537,544,1461,530,1439,1451
1936: 1451,1462,1926,1440,538
1937: 1446,540,1464
1938: 1456,1930,1465
1939: 542,1449,2303,548,1467
1940: 1450,543,1468
1941: 1460,1934,2305,1469
1942: 1464,1472,540,1455
1943: 553,1465,1473,2306
1944: 1475,1954,1457,2303,1466
1945: 554,1946,542,1458,548,1476
1946: 1477,1945,1458
1947: 549,2309,1459,2307
1948: 551,556,1479,1461,1470
1949: 1480
1950: 1481
1951: 1464,1472,558
1952: 1472,1482
1953: 547,1466,1474,1475,1484
1954: 1475,1944,1467,1955,561
1955: 548,1467,1476,1954,561,1485
1956: 2310,1469,1957,1486
1957: 550,555,1469,1956,1964
1958: 1480,1488
1959: 1480,1489
1960: 1491
1961: 1481,1492
1962: 1493
1963: 1485,2315,1476,562,1496
1964: 563,1497,1957,570,1486
1965: 1488,1499,2313
1966: 1491,1501
1967: 1491,567,1481,575
1968: 1482,569,1503
1969: 1493,1504
1970: 1493,1505
1971: 570,1486,939,1506
1972: 1487,1498,1507,1977
1973: 1510,1490
1974: 584,1505,1975
1975: 1514,1974
1976: 580,585,1497,579
1977: 1507,1516,1972
1978: 1510,1979,589
1979: 1978,1518
1980: 1519
1981: 582,1504,1986
1982: 2319,1523,1987
1983: 1524
1984: 1519,1528
1985: 597,1519
1986: 1521,1529,1981,1993
1987: 1530,1982,1523
1988: 1524,1531,2321
1989: 1532,2325,1524
1990: 592,1533,1516
1991: 1534
1992: 1537
1993: 1529,1986,1538
1994: 887,2323,2002
1995: 893,2325,894,2004
1996: 591,602,1525,2326,2330
1997: 1545,1534
1998: 611,1534,1999
1999: 1546,1998
2000: 1547,1537
2001: 1537,1548
2002: 888,2009,1994,2327
2003: 1551,1530,1540
2004: 894,895,2012,1995,2329
2005: 1552,1533
2006: 1545,1553
2007: 883,1536
2008: 1538,1548,1555
2009: 889,2002,2331
2010: 892,1540,1551,1556,619
2011: 1551,1557
2012: 895,2004,2332,2017
2013: 1543,2333,1552,1558
2014: 1552,1559
2015: 1565,2020,1549,1550
2016: 1556,1566,889,892,2022
2017: 1568,2023,895,2012
2018: 2019,1560,627
2019: 2018,1553,1570
2020: 1565,2015,1571
2021: 1565,1572
2022: 1566,2016,1573
2023: 1568,2017,2335,1574
2024: 1568,1575
2025: 1579
2026: 1573,1580,2032
2027: 1582,1567,630
2028: 1579,1584
2029: 1579,1585
2030: 1586
2031: 632,1571
2032: 2338,1580,2026,1588
2033: 1589
2034: 1590
2035: 1592,1586
2036: 1586,1593
2037: 1594
2038: 643,1597,2039,1582,639
2039: 1597,2038,1582
2040: 1598,2050
2041: 1589,1599,2341
2042: 645,2043,1589
2043: 1600,2042
2044: 1590,1601
2045: 1590,1602
2046: 1593,1604
2047: 1594,1605
2048: 1594,2340,1606
2049: 2343,1597,1608
2050: 1598,2040,2343,1609
2051: 1598,1610
2052: 1612,2056,1602
2053: 1605,1614
2054: 653,2350,1599,2347
2055: 646,1602,1611,1612,1620
2056: 1612,2052,2057,659
2057: 2056,1621
2058: 1614,1622
2059: 1606,1615,1623,2065
2060: 1610,652,1617,1626,2067
2061: 1627
2062: 1620,1628,1611,2069
2063: 1630
2064: 666,1623,1615,661,665
2065: 1631,2059,1623
2066: 1632,2352,1617,1626
2067: 669,1626,2060,1627
2068: 1627,1633,2080
2069: 1628,2062,1634
2070: 1621,2071,1629,675
2071: 2070,1635
2072: 1630,1636
2073: 1630,2074,1637
2074: 905,2073,2083
2075: 2076,1638
2076: 1622,2075,664,677
2077: 911,2085,2086
2078: 1624,1625,2353,1641,2087
2079: 1625,1642
2080: 917,1633,2068,2089
2081: 1634,1646
2082: 1647,1635
2083: 906,907,2091,2074,1637
2084: 690,1650,2085,667,1631,1640
2085: 1650,2084,1631,2077,2086
2086: 912,913,2094,2077,2085
2087: 1641,1651,2078,1642
2088: 1642,1652,2354
2089: 918,1653,1633,2080,2356
2090: 1636,687,1655
2091: 907,2083,1637
2092: 909,910,1656
2093: 689,1639,1649,2106,1658
2094: 913,2086,1650,2359
2095: 915,916,691,1641,702
2096: 2355,2357,1652,1660
2097: 693,1643,1644,2357,707,1661
2098: 1645,2356,693,1662,2108
2099: 921,922,1663,2110
2100: 1664
2101: 1665
2102: 1666,2115
2103: 694,709,1646,2115
2104: 1670,907,700
2105: 1671,1656
2106: 715,1657,1649,2093,1658
2107: 702,1673,913,916,2359
2108: 1662,2121,2098,1653,708
2109: 718,1663,1679,919,922,2122
2110: 719,720,1664,2099,1663
2111: 1680,2123,1664
2112: 1665,1681,2123
2113: 1682,721,1665
2114: 1666,1683
2115: 1666,2102,709,2103,723
2116: 1655,2117,1686
2117: 1655,2118,2116,1686,726
2118: 1655,2117,1687
2119: 715,1657,2361,1688
2120: 1658,1672,715,729
2121: 1662,2108,2364,1678,1689
2122: 708,1678,1679,2109,1690
2123: 1680,2111,1681,2112,737
2124: 1682,1692
2125: 1694,1668,1669,2134
2126: 1686,1695
2127: 729,1698,1672,2141
2128: 1699,2141,2142
2129: 1700,2130,1674,731,747
2130: 2129,2143,1674,1675,732
2131: 732,748,1701,1676
2132: 738,1703,1704,1681,737
2133: 1683,740
2134: 1694,2125,1709
2135: 943,1710,2145
2136: 1711
2137: 726,744,1687,944,2138,756
2138: 944,2137,756,1712
2139: 821,2148
2140: 823,1688,745,757,826
2141: 1699,2128,1698,2127,1714
2142: 945,1715,1699,2128
2143: 1700,2130,732,748,763
2144: 1689,2365,2367,749,2370
2145: 772,1710,2135,1711
2146: 1711,1718
2147: 754,1695
2148: 2139,824
2149: 765,778,1726,1702,2371
2150: 753,1717,771,1710,781
2151: 759,774,1715,758,1723,785
2152: 952
2153: 953,2158,7,15
2154: 2159,16
2155: 956
2156: 958,2161,9,957
2157: 14,952,965
2158: 2153,966
2159: 2154,967,2162
2160: 956,968
2161: 958,2156,21,2163
2162: 30,2159,974
2163: 986,2161,975
2164: 984,995,2167
2165: 1007,993
2166: 1010,43,995
2167: 44,995,2164,984,1011
2168: 997
2169: 1006
2170: 993,1008
2171: 997,47,2175
2172: 55,42,1007,49
2173: 1016,1008
2174: 1018
2175: 1034,2171,1023
2176: 1027
2177: 1016,1029
2178: 56,1019,1020,64
2179: 1020,1021,1030,1044
2180: 1032,2183
2181: 1033,1034,68
2182: 1041,1027
2183: 67,78,2180,1032,1057
2184: 68,79,1033,67
2185: 1042,1051,1041,2191,87
2186: 1052,2192
2187: 1053,1070,2193
2188: 1044,1055,1071,93
2189: 1057,1056,927,2194
2190: 1080,1774,103,1068
2191: 104,1068,2185,87
2192: 89,106,2186
2193: 90,107,2187,1053
2194: 866,2201,1057,2189,95
2195: 95,1086,1058,1073
2196: 1060,1074
2197: 1069,1081,120
2198: 926,106,2202
2199: 1070,1083,89,1082
2200: 1071,1085,92,1084
2201: 866,2194,95,1086,2203
2202: 2198,1096
2203: 134,867,2201,1086,1116
2204: 136,1098
2205: 137,138,1099,1100
2206: 1114
2207: 158,1109,1110,1129
2208: 160,161,1131,1112,131,1132
2209: 1114,1133,2215
2210: 146,2216,865,868
2211: 1134,134,1116,146,1148
2212: 1135,2218,1117,147
2213: 1137,139,1138,2219
2214: 1128,1805,1143,1157,2220
2215: 1133,1147,2209,1162,174
2216: 146,1148,2210,2224
2217: 1134,2218,175,1163
2218: 1135,2212,2217,176
2219: 1138,1150,2213
2220: 1158,2422,2214,1143
2221: 1159
2222: 184,1160,1146,160,173
2223: 1162,2227
2224: 1148,2216,1163,2228
2225: 183,1159,1180
2226: 184,1160,183,2229
2227: 1162,2223,185,194
2228: 1163,1175,2224
2229: 193,205,2226,1181,2231
2230: 1190,1191,2438
2231: 1181,1194,205,2229,931
2232: 1196,2235
2233: 1197,2237
2234: 1203,1192,217,1215
2235: 229,1218,1196,2232,221
2236: 231,932,210,1206
2237: 232,1207,2233,1197,1220
2238: 1218,2243
2239: 1220,2244
2240: 259,1229,1215,1243
2241: 242,261,1216,1244
2242: 262,1217
2243: 243,263,2238,1218
2244: 265,1220,2239,246
2245: 1228,1848,258,1260,1261
2246: 1230,1248,1249,291,292
2247: 1252
2248: 1261,2445,258,1243,1262
2249: 1266,2254,1247,290,1279
2250: 1267
2251: 296,267,1252
2252: 312,1262,2256
2253: 1276
2254: 1266,2249,317,337
2255: 1267,319
2256: 1291,2252
2257: 1276,1293
2258: 360,871,1280
2259: 362,363,1298,364,1299
2260: 1291,356,2265
2261: 1293,1303,2266
2262: 1295,359,385,1320
2263: 1307,1321
2264: 1309,338,1308,2269
2265: 2260,1316
2266: 407,1318,2261
2267: 1335,1303,383,408
2268: 1339,1307,361,1322
2269: 413,1322,1308,2264,1340
2270: 1340,2274,1309,1323
2271: 1316,1317,430,1347,1348
2272: 384,409,1319,1336,2278,433
2273: 385,1320,1337,1338
2274: 2270,414,1323,2279
2275: 1347
2276: 1349,1334,1350
2277: 1352,2281,1335,1351
2278: 432,452,1336,2272,433,453
2279: 1356,2274,414
2280: 430,448,1347,2284
2281: 1352,2277,451,2285
2282: 1363,1364,2286
2283: 436,1355,1367,1366,470,471
2284: 1371,2280
2285: 2281,451,1372
2286: 469,481,2282,1364,1385
2287: 1889
2288: 1413,1895,1387,482,1399,2291
2289: 1907,1410,1424
2290: 490,1398,1411,1412,1893,2293
2291: 1399,1414,2288,2294
2292: 1423,2296,1409,1914,1923
2293: 2298,1411,2290,1916
2294: 1917,2299,2291
2295: 1926,1440,1919
2296: 1423,2292,1923
2297: 513,1434,1924,2301,1449
2298: 2293,1436,2302
2299: 1438,2294,1934
2300: 1432,1447
2301: 1931,2303,2297,1449
2302: 2304,2298,1933
2303: 1457,2301,1939,1944,1467
2304: 2302,1459,2307
2305: 1941,1469
2306: 2308,1943
2307: 2304,1947
2308: 2306,1473
2309: 1478,1947
2310: 1956,1486
2311: 938,1483,1473
2312: 1484,2314,1474,1483
2313: 2316,1965
2314: 1484,2312,1494
2315: 1485,1963,1496
2316: 2313,1499
2317: 939,1506,2320
2318: 1508,1499
2319: 1982,1523
2320: 1506,1515,2317
2321: 2324,1988
2322: 896,2326,1515,1525
2323: 1994,2327
2324: 2321,1531
2325: 1532,1989,1995,2329
2326: 896,2322,1996,897,2330
2327: 2331,2323,2002
2328: 1541,601,1531
2329: 2332,1532,2325,2004
2330: 1542,2326,1996
2331: 2327,2009
2332: 2329,2012
2333: 1543,2013,1542,1558,2334
2334: 1558,2336,2333
2335: 2023,2337
2336: 1558,2334,1569
2337: 2335,1574,2339
2338: 2032,2340
2339: 1574,1583,2337,942
2340: 1588,2338,2048
2341: 2344,2041
2342: 1588,1595
2343: 2049,2050,2346,1609
2344: 2341,1599,2347
2345: 1595,1596,1607
2346: 1608,2343,1609,2349
2347: 2344,2054
2348: 1607,1616,2351
2349: 1609,1617,2346,2352
2350: 1618,2054
2351: 914,2353,1616,2348,1624
2352: 2066,2354,2349
2353: 914,2351,2078,915,1641
2354: 1632,2352,2088,2355
2355: 2096,2357,1632,2354,1643
2356: 1645,2098,1633,1653,2089
2357: 2096,2355,1643,2097,1660,2360,1661
2358: 2361,1648,1657
2359: 2362,913,2094,2107
2360: 1660,2357,1661,2363
2361: 2358,2119
2362: 2359,1673,730
2363: 1661,1677,2360
2364: 1662,2121,707,1677,1689,2365
2365: 1689,2144,2367,2364
2366: 1691,2368,1679,946,1690
2367: 2144,2365
2368: 1691,2366,1702,2371
2369: 1713,1698,1714,2373
2370: 2144,749,1716
2371: 2374,2368,2149
2372: 757,826,1722
2373: 758,1714,1723,2369
2374: 2371,1726
2375: 1735,2379,797,800
2376: 837,838,1733,2381
2377: 948,2378,1742
2378: 949,2377,1743
2379: 964,2375,800,2383
2380: 802,951,2384
2381: 2385,838,2376
2382: 2383,2388,964,973
2383: 2382,2389,964,2379
2384: 2380
2385: 2381,2390
2386: 972,2391
2387: 973,2388,2392
2388: 2382,2389,2387,2393
2389: 2383,2388,2394
2390: 1752,2395,2385
2391: 2396,2386
2392: 2397,2387,2393
2393: 2394,2398,2388,2392,2397
2394: 2393,2398,2389
2395: 1752,2390,2399
2396: 2391,1754
2397: 2392,2393,1755
2398: 2393,2394,1755
2399: 1013,2403,2395
2400: 2404,1003,1004,1014
2401: 1015,1756,1005,1757
2402: 1013,2403,1024,2406
2403: 2399,2402,2407
2404: 2400,1762,1763
2405: 1024,2406
2406: 2407,2408,2402,2405
2407: 2406,2409,2403
2408: 2406,2409,925
2409: 2407,2408,925
2410: 1040,1050,1774
2411: 1779,1050,1778
2412: 857,1066,102,1091,858
2413: 852,853,1088,1087,1788,1120,2414
2414: 2416,853,2413,1120
2415: 150,1120,2416,2417
2416: 2414,2415,2418
2417: 1152,2420,2415,2418
2418: 2421,2416,2417
2419: 1152,2420,1166,2424
2420: 2417,2419,2421,2425
2421: 2418,2420,2426
2422: 1158,2220,1179
2423: 2429,1165,1166,2424
2424: 2425,2430,2419,2423
2425: 2424,2431,2420,2426
2426: 2432,2421,2425
2427: 190,2433,1170
2428: 192,1192,1172,1193
2429: 2423,2430,2434
2430: 2424,2431,2429,2435
2431: 2425,2430,2432,2436
2432: 2426,2431,2437
2433: 1189,2427,1821
2434: 2429,2435
2435: 2436,2439,2430,2434
2436: 2435,2440,2431,2437
2437: 2432,2436
2438: 1822,2230,1191,1214
2439: 2435,2440,1831,2441
2440: 2436,2439,2441
2441: 1843,2442,2439,2440
2442: 1843,2441,1255
2443: 1257,2444,1271,2447
2444: 1258,2443
2445: 1261,2248,1275,2450
2446: 1862,1270,1271,1286,2452
2447: 1863,1271,2443,1862
2448: 1272,1864
2449: 1290,2453,1275,2450
2450: 2454,2445,2449
2451: 1283,1300
2452: 353,1286,2446,1311,1867
2453: 1866,2449,2454,2455
2454: 2450,2453,2456
2455: 1315,2459,2453,2456
2456: 2460,2454,2455
2457: 1311,379,1328,2463
2458: 1315,2459,1332,2466
2459: 2455,2458,2460,2467
2460: 2456,2459,2468
2461: 2462,2470,1327
2462: 2461,2470,1328,2463,2471
2463: 2471,2457,2462
2464: 1345,2473,1330
2465: 1346,2474,2475,1332,2466
2466: 2467,2458,2465,2475
2467: 2466,2459,2468
2468: 2460,2467
2469: 1343,1358,1879,2476,933
2470: 2461,2462,1880
2471: 2463,2462,1880,2477
2472: 1345,2473,1362,2479
2473: 2464,2472,2480
2474: 1346,2465,2475,2481
2475: 2465,2474,2466,2482,803
2476: 1379,1879,2469,933
2477: 2471,1380,1880
2478: 1382,1883,1362,2479
2479: 2480,2472,2478
2480: 2479,2473
2481: 2474
2482: 2475,803
2483: 805
2484: 1904,808,0